4 6
0 0 0 0 1 1
1 1 0 0 0 1
0 0 0 1 0 1
1 1 0 0 1 1
2 12
1 0 0 1 0 0 1 1 0 1 0 1
1 1 1 1 0 0 1 0 1 0 1 1
3 8
1 1 1 0 1 1 1 1
0 0 0 1 0 1 0 1
0 1 1 0 1 1 0 1
2 55
0 1 1 1 0 1 1 0 0 0 1 1 0 0 0 1 0 0 0 1 1 1 1 0 1 0 0 0 0 0 0 0 1 1 0 1 0 1 1 1 1 0 0 0 1 1 0 0 1 1 0 1 1 1 1
1 0 0 0 1 0 1 1 1 0 0 0 1 1 1 0 0 0 0 1 1 1 0 0 1 1 1 1 0 0 1 0 0 1 1 0 1 1 0 0 0 1 0 0 0 1 0 1 1 1 1 0 0 1 1
1 47
0 0 0 0 1 0 0 0 0 1 0 1 1 1 0 0 1 0 1 0 0 1 0 1 1 0 0 1 0 1 1 1 0 1 1 1 0 1 0 1 1 0 1 0 0 1 1
3 82
1 1 0 1 0 1 0 1 0 0 1 0 1 1 0 0 0 0 0 1 0 0 0 1 0 1 1 1 1 1 0 0 1 0 0 1 1 0 1 0 1 1 1 1 1 0 1 1 1 0 1 1 1 1 0 1 1 0 1 0 0 1 0 0 0 0 1 1 0 0 1 0 0 0 1 0 0 1 0 1 0 0
1 1 1 1 1 1 0 0 0 1 1 1 1 1 1 0 0 0 0 1 1 1 0 0 1 1 1 0 0 0 0 1 1 1 1 0 1 1 1 0 1 1 0 0 0 1 0 1 1 0 0 0 0 0 0 1 0 1 0 0 1 1 0 0 1 0 0 1 0 0 0 0 0 1 1 1 1 0 1 0 0 1
1 1 0 0 0 0 0 1 0 0 0 1 1 0 1 0 0 0 1 0 0 1 0 0 1 1 1 0 1 1 0 0 1 1 0 1 0 0 0 1 1 1 1 0 0 0 0 0 0 1 0 0 1 0 1 1 0 1 0 0 1 1 0 1 0 0 1 1 0 0 0 1 0 1 1 1 1 1 1 1 0 1